Latitude: 52°22'14?N   52.37049362
Longitude: 4°53'49?E   4.89694281
Distance: 0.0773 mi  Bearing: 75.615°
Latitude: 52°22'15?N   52.37081567
Longitude: 4°53'42?E   4.89499895
Distance: 0.0421 mi  Bearing: 350.245°
Latitude: 52°22'16?N   52.37120635
Longitude: 4°53'37?E   4.89368916
Distance: 0.0926 mi  Bearing: 317.656°
Latitude: 52°22'10?N   52.36936002
Longitude: 4°53'48?E   4.89673338
Distance: 0.0887 mi  Bearing: 131.835°