Latitude, Longitude
47.3686498, 8.539182500000

Latitude: 47°22'02?N   47.36723097
Longitude: 8°31'49?E   8.53016751
Distance: 0.4332 mi  Bearing: 256.921°
Latitude: 47°22'03?N   47.36763808
Longitude: 8°32'30?E   8.54180313
Distance: 0.1412 mi  Bearing: 119.683°
Latitude: 47°22'30?N   47.37487456
Longitude: 8°32'26?E   8.54058024
Distance: 0.4352 mi  Bearing: 8.646°
Latitude: 47°22'14?N   47.37061893
Longitude: 8°32'24?E   8.54000127
Distance: 0.1414 mi  Bearing: 15.727°
